premise,hypothesis,prompt,rationale
A woman with red-hair talks on her cellphone while sitting down.,A woman is talking to her child on the phone about school.,"Premise: A woman with red-hair talks on her cellphone while sitting down., Hypothesis: A woman is talking to her child on the phone about school.. Given the premise 'A woman with red-hair talks on her cellphone while sitting down.' and hypothesis A woman is talking to her child on the phone about school., which among the choices ""entailment"", ""neutral"", ""contradiction"", is the correct answer? Explain your reasoning using conditional statements.
","1. The correct answer is **neutral**. The hypothesis is neither entailed nor contradicted by the premise. The premise does not provide any information about who the woman is talking to or what the topic of the conversation is. Therefore, the hypothesis is possible but not certain. A conditional statement that captures this reasoning is: If the premise is true, then the hypothesis may or may not be true.
"
A woman with red-hair talks on her cellphone while sitting down.,A woman is sitting and talking on her cellphone.,"Premise: A woman with red-hair talks on her cellphone while sitting down., Hypothesis: A woman is sitting and talking on her cellphone.. Given the premise 'A woman with red-hair talks on her cellphone while sitting down.' and hypothesis A woman is sitting and talking on her cellphone., which among the choices ""entailment"", ""neutral"", ""contradiction"", is the correct answer? Explain your reasoning using conditional statements.
","2. The correct answer is **entailment**. The hypothesis is entailed by the premise. The premise provides enough information to infer that the hypothesis is true. The premise states that the woman is sitting and talking on her cellphone, which implies that the hypothesis is true. A conditional statement that captures this reasoning is: If the premise is true, then the hypothesis must be true.
"
A woman talks on her cellphone while standing near a brick wall.,A woman is on her cellphone.,"Premise: A woman talks on her cellphone while standing near a brick wall., Hypothesis: A woman is on her cellphone.. Given the premise 'A woman talks on her cellphone while standing near a brick wall.' and hypothesis A woman is on her cellphone., which among the choices ""entailment"", ""neutral"", ""contradiction"", is the correct answer? Explain your reasoning using conditional statements.
","3. The correct answer is **entailment**. The hypothesis is entailed by the premise. The premise provides enough information to infer that the hypothesis is true. The premise states that the woman is talking on her cellphone, which implies that the hypothesis is true. A conditional statement that captures this reasoning is: If the premise is true, then the hypothesis must be true.
"
A woman talks on her cellphone while standing near a brick wall.,A woman is talking to her lawyer on her cellphone.,"Premise: A woman talks on her cellphone while standing near a brick wall., Hypothesis: A woman is talking to her lawyer on her cellphone.. Given the premise 'A woman talks on her cellphone while standing near a brick wall.' and hypothesis A woman is talking to her lawyer on her cellphone., which among the choices ""entailment"", ""neutral"", ""contradiction"", is the correct answer? Explain your reasoning using conditional statements.
","4. The correct answer is **neutral**. The hypothesis is neither entailed nor contradicted by the premise. The premise does not provide any information about who the woman is talking to or what the purpose of the conversation is. Therefore, the hypothesis is possible but not certain. A conditional statement that captures this reasoning is: If the premise is true, then the hypothesis may or may not be true.
"
A woman talks on her cellphone while standing near a brick wall.,An alien is on her cellphone.,"Premise: A woman talks on her cellphone while standing near a brick wall., Hypothesis: An alien is on her cellphone.. Given the premise 'A woman talks on her cellphone while standing near a brick wall.' and hypothesis An alien is on her cellphone., which among the choices ""entailment"", ""neutral"", ""contradiction"", is the correct answer? Explain your reasoning using conditional statements.
","5. The correct answer is **contradiction**. The hypothesis is contradicted by the premise. The premise provides enough information to infer that the hypothesis is false. The premise states that the woman is a human, which implies that the hypothesis is false. A conditional statement that captures this reasoning is: If the premise is true, then the hypothesis must be false.
"
Bishop making the cross with ashes on a man's forehead,the man had a ash on his forehead,"Premise: Bishop making the cross with ashes on a man's forehead, Hypothesis: the man had a ash on his forehead. Given the premise 'Bishop making the cross with ashes on a man's forehead' and hypothesis the man had a ash on his forehead, which among the choices ""entailment"", ""neutral"", ""contradiction"", is the correct answer? Explain your reasoning using conditional statements.
","6. The correct answer is **entailment**. The hypothesis is entailed by the premise. The premise provides enough information to infer that the hypothesis is true. The premise states that the bishop is making the cross with ashes on the man's forehead, which implies that the hypothesis is true. A conditional statement that captures this reasoning is: If the premise is true, then the hypothesis must be true.
"
Bishop making the cross with ashes on a man's forehead,the man was at church,"Premise: Bishop making the cross with ashes on a man's forehead, Hypothesis: the man was at church. Given the premise 'Bishop making the cross with ashes on a man's forehead' and hypothesis the man was at church, which among the choices ""entailment"", ""neutral"", ""contradiction"", is the correct answer? Explain your reasoning using conditional statements.
","7. The correct answer is **neutral**. The hypothesis is neither entailed nor contradicted by the premise. The premise does not provide any information about where the bishop and the man are. Therefore, the hypothesis is possible but not certain. A conditional statement that captures this reasoning is: If the premise is true, then the hypothesis may or may not be true.
"
Bishop making the cross with ashes on a man's forehead,the bishop talked to the woman while putting a cross on her cheek,"Premise: Bishop making the cross with ashes on a man's forehead, Hypothesis: the bishop talked to the woman while putting a cross on her cheek. Given the premise 'Bishop making the cross with ashes on a man's forehead' and hypothesis the bishop talked to the woman while putting a cross on her cheek, which among the choices ""entailment"", ""neutral"", ""contradiction"", is the correct answer? Explain your reasoning using conditional statements.
","8. The correct answer is **contradiction**. The hypothesis is contradicted by the premise. The premise provides enough information to infer that the hypothesis is false. The premise states that the bishop is making the cross with ashes on the man's forehead, which implies that the hypothesis is false. A conditional statement that captures this reasoning is: If the premise is true, then the hypothesis must be false.
"
A priest rubs a cross on a man's forehead.,two men are skydiving,"Premise: A priest rubs a cross on a man's forehead., Hypothesis: two men are skydiving. Given the premise 'A priest rubs a cross on a man's forehead.' and hypothesis two men are skydiving, which among the choices ""entailment"", ""neutral"", ""contradiction"", is the correct answer? Explain your reasoning using conditional statements.
","9. The correct answer is **contradiction**. The hypothesis is contradicted by the premise. The premise provides enough information to infer that the hypothesis is false. The premise states that the priest is rubbing a cross on the man's forehead, which implies that the hypothesis is false. A conditional statement that captures this reasoning is: If the premise is true, then the hypothesis must be false.
"
A priest rubs a cross on a man's forehead.,a man getting rid of his demon,"Premise: A priest rubs a cross on a man's forehead., Hypothesis: a man getting rid of his demon. Given the premise 'A priest rubs a cross on a man's forehead.' and hypothesis a man getting rid of his demon, which among the choices ""entailment"", ""neutral"", ""contradiction"", is the correct answer? Explain your reasoning using conditional statements.
","10. The correct answer is **neutral**. The hypothesis is neither entailed nor contradicted by the premise. The premise does not provide any information about why the priest is rubbing a cross on the man's forehead. Therefore, the hypothesis is possible but not certain. A conditional statement that captures this reasoning is: If the premise is true, then the hypothesis may or may not be true."
A priest rubs a cross on a man's forehead.,"a priest rubs a man with his ""cross.""","Premise: A priest rubs a cross on a man's forehead., Hypothesis: a priest rubs a man with his ""cross."". Given the premise 'A priest rubs a cross on a man's forehead.' and hypothesis a priest rubs a man with his ""cross."", which among the choices ""entailment"", ""neutral"", ""contradiction"", is the correct answer? Explain your reasoning using conditional statements.
","1. The correct answer is **contradiction**. A contradiction is when the hypothesis is false given the premise. A conditional statement for this is: If a priest rubs a cross on a man's forehead, then a priest does not rub a man with his ""cross."".

"
A man in a white robe with a purple sash places his hand on the forehead of another man.,Two men are playing tennis.,"Premise: A man in a white robe with a purple sash places his hand on the forehead of another man., Hypothesis: Two men are playing tennis.. Given the premise 'A man in a white robe with a purple sash places his hand on the forehead of another man.' and hypothesis Two men are playing tennis., which among the choices ""entailment"", ""neutral"", ""contradiction"", is the correct answer? Explain your reasoning using conditional statements.
","2. The correct answer is **neutral**. A neutral is when the hypothesis is neither true nor false given the premise. A conditional statement for this is: If a man in a white robe with a purple sash places his hand on the forehead of another man, then it is possible that two men are playing tennis.

"
A man in a white robe with a purple sash places his hand on the forehead of another man.,The men are married to one another.,"Premise: A man in a white robe with a purple sash places his hand on the forehead of another man., Hypothesis: The men are married to one another.. Given the premise 'A man in a white robe with a purple sash places his hand on the forehead of another man.' and hypothesis The men are married to one another., which among the choices ""entailment"", ""neutral"", ""contradiction"", is the correct answer? Explain your reasoning using conditional statements.
","3. The correct answer is **neutral**. A neutral is when the hypothesis is neither true nor false given the premise. A conditional statement for this is: If a man in a white robe with a purple sash places his hand on the forehead of another man, then it is possible that the men are married to one another.

"
A man in a white robe with a purple sash places his hand on the forehead of another man.,Two men are near each other.,"Premise: A man in a white robe with a purple sash places his hand on the forehead of another man., Hypothesis: Two men are near each other.. Given the premise 'A man in a white robe with a purple sash places his hand on the forehead of another man.' and hypothesis Two men are near each other., which among the choices ""entailment"", ""neutral"", ""contradiction"", is the correct answer? Explain your reasoning using conditional statements.
","4. The correct answer is **entailment**. An entailment is when the hypothesis is true given the premise. A conditional statement for this is: If a man in a white robe with a purple sash places his hand on the forehead of another man, then two men are near each other.

"
A man in a white robe with a purple sash places his hand on the forehead of another man.,Two women hug as they celebrate graduating,"Premise: A man in a white robe with a purple sash places his hand on the forehead of another man., Hypothesis: Two women hug as they celebrate graduating. Given the premise 'A man in a white robe with a purple sash places his hand on the forehead of another man.' and hypothesis Two women hug as they celebrate graduating, which among the choices ""entailment"", ""neutral"", ""contradiction"", is the correct answer? Explain your reasoning using conditional statements.
","5. The correct answer is **contradiction**. A contradiction is when the hypothesis is false given the premise. A conditional statement for this is: If a man in a white robe with a purple sash places his hand on the forehead of another man, then two women do not hug as they celebrate graduating.

"
A man in a white robe with a purple sash places his hand on the forehead of another man.,A priest is meditating alone on his beliefs.,"Premise: A man in a white robe with a purple sash places his hand on the forehead of another man., Hypothesis: A priest is meditating alone on his beliefs.. Given the premise 'A man in a white robe with a purple sash places his hand on the forehead of another man.' and hypothesis A priest is meditating alone on his beliefs., which among the choices ""entailment"", ""neutral"", ""contradiction"", is the correct answer? Explain your reasoning using conditional statements.
","6. The correct answer is **contradiction**. A contradiction is when the hypothesis is false given the premise. A conditional statement for this is: If a man in a white robe with a purple sash places his hand on the forehead of another man, then a priest is not meditating alone on his beliefs.

"
A man in a white robe with a purple sash places his hand on the forehead of another man.,The man in the robe has no arms.,"Premise: A man in a white robe with a purple sash places his hand on the forehead of another man., Hypothesis: The man in the robe has no arms.. Given the premise 'A man in a white robe with a purple sash places his hand on the forehead of another man.' and hypothesis The man in the robe has no arms., which among the choices ""entailment"", ""neutral"", ""contradiction"", is the correct answer? Explain your reasoning using conditional statements.
","7. The correct answer is **contradiction**. A contradiction is when the hypothesis is false given the premise. A conditional statement for this is: If a man in a white robe with a purple sash places his hand on the forehead of another man, then the man in the robe does not have no arms.

"
A man in a white robe with a purple sash places his hand on the forehead of another man.,There are two men next to each other,"Premise: A man in a white robe with a purple sash places his hand on the forehead of another man., Hypothesis: There are two men next to each other. Given the premise 'A man in a white robe with a purple sash places his hand on the forehead of another man.' and hypothesis There are two men next to each other, which among the choices ""entailment"", ""neutral"", ""contradiction"", is the correct answer? Explain your reasoning using conditional statements.
","8. The correct answer is **entailment**. An entailment is when the hypothesis is true given the premise. A conditional statement for this is: If a man in a white robe with a purple sash places his hand on the forehead of another man, then there are two men next to each other.

"
A man in a white robe with a purple sash places his hand on the forehead of another man.,A priest is giving a blessing to a man.,"Premise: A man in a white robe with a purple sash places his hand on the forehead of another man., Hypothesis: A priest is giving a blessing to a man.. Given the premise 'A man in a white robe with a purple sash places his hand on the forehead of another man.' and hypothesis A priest is giving a blessing to a man., which among the choices ""entailment"", ""neutral"", ""contradiction"", is the correct answer? Explain your reasoning using conditional statements.
","9. The correct answer is **entailment**. An entailment is when the hypothesis is true given the premise. A conditional statement for this is: If a man in a white robe with a purple sash places his hand on the forehead of another man, then a priest is giving a blessing to a man.

"
A man in a white robe with a purple sash places his hand on the forehead of another man.,A man is standing by himself.,"Premise: A man in a white robe with a purple sash places his hand on the forehead of another man., Hypothesis: A man is standing by himself.. Given the premise 'A man in a white robe with a purple sash places his hand on the forehead of another man.' and hypothesis A man is standing by himself., which among the choices ""entailment"", ""neutral"", ""contradiction"", is the correct answer? Explain your reasoning using conditional statements.
","10. The correct answer is **contradiction**. A contradiction is when the hypothesis is false given the premise. A conditional statement for this is: If a man in a white robe with a purple sash places his hand on the forehead of another man, then a man is not standing by himself.

I hope this helps you understand natural language inference better. If you have any more questions, feel free to ask me. 😊"
A man in a white robe with a purple sash places his hand on the forehead of another man.,A man places his hand on the forehand of a man kneeling down in front of him,"Premise: A man in a white robe with a purple sash places his hand on the forehead of another man., Hypothesis: A man places his hand on the forehand of a man kneeling down in front of him. Given the premise 'A man in a white robe with a purple sash places his hand on the forehead of another man.' and hypothesis A man places his hand on the forehand of a man kneeling down in front of him, which among the choices ""entailment"", ""neutral"", ""contradiction"", is the correct answer? Explain your reasoning using conditional statements.
","1. The correct answer is **entailment**. This means that the hypothesis is true given the premise. The reasoning is as follows: If a man in a white robe with a purple sash places his hand on the forehead of another man, then it is necessarily true that a man places his hand on the forehand of a man kneeling down in front of him. The hypothesis is a more general description of the premise, and does not contradict or add any new information.

"
A man in a white robe with a purple sash places his hand on the forehead of another man.,A man wearing a white robe places his hand on the other man's forehead.,"Premise: A man in a white robe with a purple sash places his hand on the forehead of another man., Hypothesis: A man wearing a white robe places his hand on the other man's forehead.. Given the premise 'A man in a white robe with a purple sash places his hand on the forehead of another man.' and hypothesis A man wearing a white robe places his hand on the other man's forehead., which among the choices ""entailment"", ""neutral"", ""contradiction"", is the correct answer? Explain your reasoning using conditional statements.
","2. The correct answer is **entailment**. This means that the hypothesis is true given the premise. The reasoning is as follows: If a man in a white robe with a purple sash places his hand on the forehead of another man, then it is necessarily true that a man wearing a white robe places his hand on the other man's forehead. The hypothesis is a more general description of the premise, and does not contradict or add any new information.

"
A man in a white robe with a purple sash places his hand on the forehead of another man.,A priest is blessing someone.,"Premise: A man in a white robe with a purple sash places his hand on the forehead of another man., Hypothesis: A priest is blessing someone.. Given the premise 'A man in a white robe with a purple sash places his hand on the forehead of another man.' and hypothesis A priest is blessing someone., which among the choices ""entailment"", ""neutral"", ""contradiction"", is the correct answer? Explain your reasoning using conditional statements.
","3. The correct answer is **neutral**. This means that the hypothesis is neither true nor false given the premise. The reasoning is as follows: If a man in a white robe with a purple sash places his hand on the forehead of another man, then it is possible but not certain that a priest is blessing someone. The hypothesis is a more specific interpretation of the premise, but it is not supported by enough evidence. The premise does not state the identity or intention of the man in the white robe, or the context of the situation.

"
A man in a white robe with a purple sash places his hand on the forehead of another man.,The two men are in a church.,"Premise: A man in a white robe with a purple sash places his hand on the forehead of another man., Hypothesis: The two men are in a church.. Given the premise 'A man in a white robe with a purple sash places his hand on the forehead of another man.' and hypothesis The two men are in a church., which among the choices ""entailment"", ""neutral"", ""contradiction"", is the correct answer? Explain your reasoning using conditional statements.
","4. The correct answer is **neutral**. This means that the hypothesis is neither true nor false given the premise. The reasoning is as follows: If a man in a white robe with a purple sash places his hand on the forehead of another man, then it is possible but not certain that the two men are in a church. The hypothesis is a more specific interpretation of the premise, but it is not supported by enough evidence. The premise does not state the location or background of the scene.

"
A man in a white robe with a purple sash places his hand on the forehead of another man.,A person is touching someone's face.,"Premise: A man in a white robe with a purple sash places his hand on the forehead of another man., Hypothesis: A person is touching someone's face.. Given the premise 'A man in a white robe with a purple sash places his hand on the forehead of another man.' and hypothesis A person is touching someone's face., which among the choices ""entailment"", ""neutral"", ""contradiction"", is the correct answer? Explain your reasoning using conditional statements.
","5. The correct answer is **entailment**. This means that the hypothesis is true given the premise. The reasoning is as follows: If a man in a white robe with a purple sash places his hand on the forehead of another man, then it is necessarily true that a person is touching someone's face. The hypothesis is a more general description of the premise, and does not contradict or add any new information.

"
A man in a white robe with a purple sash places his hand on the forehead of another man.,Two people are touching each other.,"Premise: A man in a white robe with a purple sash places his hand on the forehead of another man., Hypothesis: Two people are touching each other.. Given the premise 'A man in a white robe with a purple sash places his hand on the forehead of another man.' and hypothesis Two people are touching each other., which among the choices ""entailment"", ""neutral"", ""contradiction"", is the correct answer? Explain your reasoning using conditional statements.
","6. The correct answer is **entailment**. This means that the hypothesis is true given the premise. The reasoning is as follows: If a man in a white robe with a purple sash places his hand on the forehead of another man, then it is necessarily true that two people are touching each other. The hypothesis is a more general description of the premise, and does not contradict or add any new information.

"
A group of people looking around in a dirt or stone shaded area.,A girl is building a sandcastle.,"Premise: A group of people looking around in a dirt or stone shaded area., Hypothesis: A girl is building a sandcastle.. Given the premise 'A group of people looking around in a dirt or stone shaded area.' and hypothesis A girl is building a sandcastle., which among the choices ""entailment"", ""neutral"", ""contradiction"", is the correct answer? Explain your reasoning using conditional statements.
","7. The correct answer is **contradiction**. This means that the hypothesis is false given the premise. The reasoning is as follows: If a group of people are looking around in a dirt or stone shaded area, then it is necessarily false that a girl is building a sandcastle. The hypothesis is incompatible with the premise, and contradicts the information given. The premise states that the area is dirt or stone shaded, which is not suitable for building sandcastles.

"
A group of people looking around in a dirt or stone shaded area.,People are looking around the dirt.,"Premise: A group of people looking around in a dirt or stone shaded area., Hypothesis: People are looking around the dirt.. Given the premise 'A group of people looking around in a dirt or stone shaded area.' and hypothesis People are looking around the dirt., which among the choices ""entailment"", ""neutral"", ""contradiction"", is the correct answer? Explain your reasoning using conditional statements.
","8. The correct answer is **entailment**. This means that the hypothesis is true given the premise. The reasoning is as follows: If a group of people are looking around in a dirt or stone shaded area, then it is necessarily true that people are looking around the dirt. The hypothesis is a more general description of the premise, and does not contradict or add any new information.

"
A group of people looking around in a dirt or stone shaded area.,People are looking for a lost cellphone.,"Premise: A group of people looking around in a dirt or stone shaded area., Hypothesis: People are looking for a lost cellphone.. Given the premise 'A group of people looking around in a dirt or stone shaded area.' and hypothesis People are looking for a lost cellphone., which among the choices ""entailment"", ""neutral"", ""contradiction"", is the correct answer? Explain your reasoning using conditional statements.
","9. The correct answer is **neutral**. This means that the hypothesis is neither true nor false given the premise. The reasoning is as follows: If a group of people are looking around in a dirt or stone shaded area, then it is possible but not certain that people are looking for a lost cellphone. The hypothesis is a more specific interpretation of the premise, but it is not supported by enough evidence. The premise does not state the reason or motive of the people looking around.

"
A small group of adults and children are standing on a dirt trail on a hill.,The group of people are standing.,"Premise: A small group of adults and children are standing on a dirt trail on a hill., Hypothesis: The group of people are standing.. Given the premise 'A small group of adults and children are standing on a dirt trail on a hill.' and hypothesis The group of people are standing., which among the choices ""entailment"", ""neutral"", ""contradiction"", is the correct answer? Explain your reasoning using conditional statements.
","10. The correct answer is **entailment**. This means that the hypothesis is true given the premise. The reasoning is as follows: If a small group of adults and children are standing on a dirt trail on a hill, then it is necessarily true that the group of people are standing. The hypothesis is a more general description of the premise, and does not contradict or add any new information.

I hope this helps you understand natural language inference better. If you have any more questions, feel free to ask me. 😊"
A small group of adults and children are standing on a dirt trail on a hill.,The group of peopel are on a hiking trip.,"Premise: A small group of adults and children are standing on a dirt trail on a hill., Hypothesis: The group of peopel are on a hiking trip.. Given the premise 'A small group of adults and children are standing on a dirt trail on a hill.' and hypothesis The group of peopel are on a hiking trip., which among the choices ""entailment"", ""neutral"", ""contradiction"", is the correct answer? Explain your reasoning using conditional statements.
","1. The correct answer is **neutral**. The premise does not entail or contradict the hypothesis, because it is possible that the group of people are on a hiking trip, but it is not necessarily true. A conditional statement that explains the reasoning is: If the group of people are on a hiking trip, then they are standing on a dirt trail on a hill. However, the converse is not true: If they are standing on a dirt trail on a hill, then they are on a hiking trip.

"
A small group of adults and children are standing on a dirt trail on a hill.,The group of dogs are standing on the dirt.,"Premise: A small group of adults and children are standing on a dirt trail on a hill., Hypothesis: The group of dogs are standing on the dirt.. Given the premise 'A small group of adults and children are standing on a dirt trail on a hill.' and hypothesis The group of dogs are standing on the dirt., which among the choices ""entailment"", ""neutral"", ""contradiction"", is the correct answer? Explain your reasoning using conditional statements.
","2. The correct answer is **contradiction**. The premise contradicts the hypothesis, because it states that the group consists of adults and children, not dogs. A conditional statement that explains the reasoning is: If the group consists of adults and children, then they are not dogs. Therefore, the hypothesis is false.

"
A group of people going for a hike.,A group of people are hiking.,"Premise: A group of people going for a hike., Hypothesis: A group of people are hiking.. Given the premise 'A group of people going for a hike.' and hypothesis A group of people are hiking., which among the choices ""entailment"", ""neutral"", ""contradiction"", is the correct answer? Explain your reasoning using conditional statements.
","3. The correct answer is **entailment**. The premise entails the hypothesis, because it implies that the group of people are hiking. A conditional statement that explains the reasoning is: If the group of people are going for a hike, then they are hiking.

"
A group of people going for a hike.,A group of people dance in the woods.,"Premise: A group of people going for a hike., Hypothesis: A group of people dance in the woods.. Given the premise 'A group of people going for a hike.' and hypothesis A group of people dance in the woods., which among the choices ""entailment"", ""neutral"", ""contradiction"", is the correct answer? Explain your reasoning using conditional statements.
","4. The correct answer is **neutral**. The premise does not entail or contradict the hypothesis, because it is possible that the group of people dance in the woods, but it is not necessarily true. A conditional statement that explains the reasoning is: If the group of people are going for a hike, then they are in the woods. However, the converse is not true: If they are in the woods, then they are going for a hike.

"
A group of people going for a hike.,A group of people hike in the woods.,"Premise: A group of people going for a hike., Hypothesis: A group of people hike in the woods.. Given the premise 'A group of people going for a hike.' and hypothesis A group of people hike in the woods., which among the choices ""entailment"", ""neutral"", ""contradiction"", is the correct answer? Explain your reasoning using conditional statements.
","5. The correct answer is **entailment**. The premise entails the hypothesis, because it implies that the group of people hike in the woods. A conditional statement that explains the reasoning is: If the group of people are going for a hike, then they hike in the woods.

"
A group of tourists are exploring the sight.,The People are not from here.,"Premise: A group of tourists are exploring the sight., Hypothesis: The People are not from here.. Given the premise 'A group of tourists are exploring the sight.' and hypothesis The People are not from here., which among the choices ""entailment"", ""neutral"", ""contradiction"", is the correct answer? Explain your reasoning using conditional statements.
","6. The correct answer is **entailment**. The premise entails the hypothesis, because it implies that the people are not from here. A conditional statement that explains the reasoning is: If the people are tourists, then they are not from here.

"
A group of tourists are exploring the sight.,The people live next to the sight.,"Premise: A group of tourists are exploring the sight., Hypothesis: The people live next to the sight.. Given the premise 'A group of tourists are exploring the sight.' and hypothesis The people live next to the sight., which among the choices ""entailment"", ""neutral"", ""contradiction"", is the correct answer? Explain your reasoning using conditional statements.
","7. The correct answer is **contradiction**. The premise contradicts the hypothesis, because it states that the people are tourists, not locals. A conditional statement that explains the reasoning is: If the people are tourists, then they do not live next to the sight. Therefore, the hypothesis is false.

"
A group of tourists are exploring the sight.,The tourists are part of a tour group.,"Premise: A group of tourists are exploring the sight., Hypothesis: The tourists are part of a tour group.. Given the premise 'A group of tourists are exploring the sight.' and hypothesis The tourists are part of a tour group., which among the choices ""entailment"", ""neutral"", ""contradiction"", is the correct answer? Explain your reasoning using conditional statements.
","8. The correct answer is **neutral**. The premise does not entail or contradict the hypothesis, because it is possible that the tourists are part of a tour group, but it is not necessarily true. A conditional statement that explains the reasoning is: If the tourists are part of a tour group, then they are exploring the sight. However, the converse is not true: If they are exploring the sight, then they are part of a tour group.

"
A group of people are on a canyon.,People are hiking to the bottom of the canyon.,"Premise: A group of people are on a canyon., Hypothesis: People are hiking to the bottom of the canyon.. Given the premise 'A group of people are on a canyon.' and hypothesis People are hiking to the bottom of the canyon., which among the choices ""entailment"", ""neutral"", ""contradiction"", is the correct answer? Explain your reasoning using conditional statements.
","9. The correct answer is **neutral**. The premise does not entail or contradict the hypothesis, because it is possible that the people are hiking to the bottom of the canyon, but it is not necessarily true. A conditional statement that explains the reasoning is: If the people are hiking to the bottom of the canyon, then they are on a canyon. However, the converse is not true: If they are on a canyon, then they are hiking to the bottom of the canyon.

"
A group of people are on a canyon.,People are on a canyon.,"Premise: A group of people are on a canyon., Hypothesis: People are on a canyon.. Given the premise 'A group of people are on a canyon.' and hypothesis People are on a canyon., which among the choices ""entailment"", ""neutral"", ""contradiction"", is the correct answer? Explain your reasoning using conditional statements.
","10. The correct answer is **entailment**. The premise entails the hypothesis, because it implies that the people are on a canyon. A conditional statement that explains the reasoning is: If the people are on a canyon, then they are on a canyon. This is a tautology, which means it is always true. "
A group of people are on a canyon.,People are on a hill.,"Premise: A group of people are on a canyon., Hypothesis: People are on a hill.. Given the premise 'A group of people are on a canyon.' and hypothesis People are on a hill., which among the choices ""entailment"", ""neutral"", ""contradiction"", is the correct answer? Explain your reasoning using conditional statements.
","1. The correct answer is **neutral**. The premise and the hypothesis are not logically related. A conditional statement that shows this is: If a group of people are on a canyon, then it does not necessarily imply that they are on a hill.

"
Three women enjoying a balloon joyride.,Three women are enjoying a plane ride through the air.,"Premise: Three women enjoying a balloon joyride., Hypothesis: Three women are enjoying a plane ride through the air.. Given the premise 'Three women enjoying a balloon joyride.' and hypothesis Three women are enjoying a plane ride through the air., which among the choices ""entailment"", ""neutral"", ""contradiction"", is the correct answer? Explain your reasoning using conditional statements.
","2. The correct answer is **contradiction**. The premise and the hypothesis are logically incompatible. A conditional statement that shows this is: If three women are enjoying a balloon joyride, then they are not enjoying a plane ride through the air.

"
Three women enjoying a balloon joyride.,Three women are on a balloon ride.,"Premise: Three women enjoying a balloon joyride., Hypothesis: Three women are on a balloon ride.. Given the premise 'Three women enjoying a balloon joyride.' and hypothesis Three women are on a balloon ride., which among the choices ""entailment"", ""neutral"", ""contradiction"", is the correct answer? Explain your reasoning using conditional statements.
","3. The correct answer is **entailment**. The premise and the hypothesis are logically consistent. A conditional statement that shows this is: If three women are enjoying a balloon joyride, then they are on a balloon ride.

"
Three women enjoying a balloon joyride.,Three women are taking a tour of the city by means of a hot air balloon.,"Premise: Three women enjoying a balloon joyride., Hypothesis: Three women are taking a tour of the city by means of a hot air balloon.. Given the premise 'Three women enjoying a balloon joyride.' and hypothesis Three women are taking a tour of the city by means of a hot air balloon., which among the choices ""entailment"", ""neutral"", ""contradiction"", is the correct answer? Explain your reasoning using conditional statements.
","4. The correct answer is **neutral**. The premise and the hypothesis are not logically related. A conditional statement that shows this is: If three women are enjoying a balloon joyride, then it does not necessarily imply that they are taking a tour of the city by means of a hot air balloon.

"
A group of people enjoying a hot air balloon ride.,Some people are in a hot are balloon,"Premise: A group of people enjoying a hot air balloon ride., Hypothesis: Some people are in a hot are balloon. Given the premise 'A group of people enjoying a hot air balloon ride.' and hypothesis Some people are in a hot are balloon, which among the choices ""entailment"", ""neutral"", ""contradiction"", is the correct answer? Explain your reasoning using conditional statements.
","5. The correct answer is **entailment**. The premise and the hypothesis are logically consistent. A conditional statement that shows this is: If a group of people are enjoying a hot air balloon ride, then some people are in a hot air balloon.

"
A group of people enjoying a hot air balloon ride.,A group of dogs are in a hot air balloon.,"Premise: A group of people enjoying a hot air balloon ride., Hypothesis: A group of dogs are in a hot air balloon.. Given the premise 'A group of people enjoying a hot air balloon ride.' and hypothesis A group of dogs are in a hot air balloon., which among the choices ""entailment"", ""neutral"", ""contradiction"", is the correct answer? Explain your reasoning using conditional statements.
","6. The correct answer is **contradiction**. The premise and the hypothesis are logically incompatible. A conditional statement that shows this is: If a group of people are enjoying a hot air balloon ride, then a group of dogs are not in a hot air balloon.

"
A group of people enjoying a hot air balloon ride.,Some people are high in the sky,"Premise: A group of people enjoying a hot air balloon ride., Hypothesis: Some people are high in the sky. Given the premise 'A group of people enjoying a hot air balloon ride.' and hypothesis Some people are high in the sky, which among the choices ""entailment"", ""neutral"", ""contradiction"", is the correct answer? Explain your reasoning using conditional statements.
","7. The correct answer is **entailment**. The premise and the hypothesis are logically consistent. A conditional statement that shows this is: If a group of people are enjoying a hot air balloon ride, then some people are high in the sky.

"
Tourists enjoying a hot air balloon type ride.,People are sitting in a balloon.,"Premise: Tourists enjoying a hot air balloon type ride., Hypothesis: People are sitting in a balloon.. Given the premise 'Tourists enjoying a hot air balloon type ride.' and hypothesis People are sitting in a balloon., which among the choices ""entailment"", ""neutral"", ""contradiction"", is the correct answer? Explain your reasoning using conditional statements.
","8. The correct answer is **entailment**. The premise and the hypothesis are logically consistent. A conditional statement that shows this is: If tourists are enjoying a hot air balloon type ride, then people are sitting in a balloon.

"
Tourists enjoying a hot air balloon type ride.,There are couples in the balloon.,"Premise: Tourists enjoying a hot air balloon type ride., Hypothesis: There are couples in the balloon.. Given the premise 'Tourists enjoying a hot air balloon type ride.' and hypothesis There are couples in the balloon., which among the choices ""entailment"", ""neutral"", ""contradiction"", is the correct answer? Explain your reasoning using conditional statements.
","9. The correct answer is **neutral**. The premise and the hypothesis are not logically related. A conditional statement that shows this is: If tourists are enjoying a hot air balloon type ride, then it does not necessarily imply that there are couples in the balloon.

"
Tourists enjoying a hot air balloon type ride.,There is only one person in the balloon.,"Premise: Tourists enjoying a hot air balloon type ride., Hypothesis: There is only one person in the balloon.. Given the premise 'Tourists enjoying a hot air balloon type ride.' and hypothesis There is only one person in the balloon., which among the choices ""entailment"", ""neutral"", ""contradiction"", is the correct answer? Explain your reasoning using conditional statements.
","10. The correct answer is **contradiction**. The premise and the hypothesis are logically incompatible. A conditional statement that shows this is: If tourists are enjoying a hot air balloon type ride, then there is not only one person in the balloon."
a group of people are enjoying their time on a carnival ride.,Humans enjoying.,"Premise: a group of people are enjoying their time on a carnival ride., Hypothesis: Humans enjoying.. Given the premise 'a group of people are enjoying their time on a carnival ride.' and hypothesis Humans enjoying., which among the choices ""entailment"", ""neutral"", ""contradiction"", is the correct answer? Explain your reasoning using conditional statements.
","1. The correct answer is **entailment**. This means that the hypothesis logically follows from the premise. A possible conditional statement is: If a group of people are enjoying their time on a carnival ride, then humans are enjoying.

"
a group of people are enjoying their time on a carnival ride.,Nobody is enjoying.,"Premise: a group of people are enjoying their time on a carnival ride., Hypothesis: Nobody is enjoying.. Given the premise 'a group of people are enjoying their time on a carnival ride.' and hypothesis Nobody is enjoying., which among the choices ""entailment"", ""neutral"", ""contradiction"", is the correct answer? Explain your reasoning using conditional statements.
","2. The correct answer is **contradiction**. This means that the hypothesis logically contradicts the premise. A possible conditional statement is: If a group of people are enjoying their time on a carnival ride, then not nobody is enjoying.

"
a group of people are enjoying their time on a carnival ride.,Tall humans enjoying.,"Premise: a group of people are enjoying their time on a carnival ride., Hypothesis: Tall humans enjoying.. Given the premise 'a group of people are enjoying their time on a carnival ride.' and hypothesis Tall humans enjoying., which among the choices ""entailment"", ""neutral"", ""contradiction"", is the correct answer? Explain your reasoning using conditional statements.
","3. The correct answer is **neutral**. This means that the hypothesis is neither entailed nor contradicted by the premise. A possible conditional statement is: If a group of people are enjoying their time on a carnival ride, then it is possible that tall humans are enjoying.

"
Children ride a balloon ride in an amusement park.,Kids are enjoying rides at an amusement park at night,"Premise: Children ride a balloon ride in an amusement park., Hypothesis: Kids are enjoying rides at an amusement park at night. Given the premise 'Children ride a balloon ride in an amusement park.' and hypothesis Kids are enjoying rides at an amusement park at night, which among the choices ""entailment"", ""neutral"", ""contradiction"", is the correct answer? Explain your reasoning using conditional statements.
","4. The correct answer is **neutral**. This means that the hypothesis is neither entailed nor contradicted by the premise. A possible conditional statement is: If children ride a balloon ride in an amusement park, then it is possible that kids are enjoying rides at an amusement park at night.

"
Children ride a balloon ride in an amusement park.,Children stuck mid air on a balloon ride.,"Premise: Children ride a balloon ride in an amusement park., Hypothesis: Children stuck mid air on a balloon ride.. Given the premise 'Children ride a balloon ride in an amusement park.' and hypothesis Children stuck mid air on a balloon ride., which among the choices ""entailment"", ""neutral"", ""contradiction"", is the correct answer? Explain your reasoning using conditional statements.
","5. The correct answer is **contradiction**. This means that the hypothesis logically contradicts the premise. A possible conditional statement is: If children ride a balloon ride in an amusement park, then not children are stuck mid air on a balloon ride.

"
Children ride a balloon ride in an amusement park.,People in a ride,"Premise: Children ride a balloon ride in an amusement park., Hypothesis: People in a ride. Given the premise 'Children ride a balloon ride in an amusement park.' and hypothesis People in a ride, which among the choices ""entailment"", ""neutral"", ""contradiction"", is the correct answer? Explain your reasoning using conditional statements.
","6. The correct answer is **entailment**. This means that the hypothesis logically follows from the premise. A possible conditional statement is: If children ride a balloon ride in an amusement park, then people are in a ride.

"
Children ride a balloon ride in an amusement park.,Children on a balloon ride at a carnival.,"Premise: Children ride a balloon ride in an amusement park., Hypothesis: Children on a balloon ride at a carnival.. Given the premise 'Children ride a balloon ride in an amusement park.' and hypothesis Children on a balloon ride at a carnival., which among the choices ""entailment"", ""neutral"", ""contradiction"", is the correct answer? Explain your reasoning using conditional statements.
","7. The correct answer is **neutral**. This means that the hypothesis is neither entailed nor contradicted by the premise. A possible conditional statement is: If children ride a balloon ride in an amusement park, then it is possible that children are on a balloon ride at a carnival.

"
Children ride a balloon ride in an amusement park.,Adults are playing poker,"Premise: Children ride a balloon ride in an amusement park., Hypothesis: Adults are playing poker. Given the premise 'Children ride a balloon ride in an amusement park.' and hypothesis Adults are playing poker, which among the choices ""entailment"", ""neutral"", ""contradiction"", is the correct answer? Explain your reasoning using conditional statements.
","8. The correct answer is **neutral**. This means that the hypothesis is neither entailed nor contradicted by the premise. A possible conditional statement is: If children ride a balloon ride in an amusement park, then it is possible that adults are playing poker.

"
Children ride a balloon ride in an amusement park.,The park was empty,"Premise: Children ride a balloon ride in an amusement park., Hypothesis: The park was empty. Given the premise 'Children ride a balloon ride in an amusement park.' and hypothesis The park was empty, which among the choices ""entailment"", ""neutral"", ""contradiction"", is the correct answer? Explain your reasoning using conditional statements.
","9. The correct answer is **contradiction**. This means that the hypothesis logically contradicts the premise. A possible conditional statement is: If children ride a balloon ride in an amusement park, then not the park was empty.

"
Children ride a balloon ride in an amusement park.,Children are riding above the ground.,"Premise: Children ride a balloon ride in an amusement park., Hypothesis: Children are riding above the ground.. Given the premise 'Children ride a balloon ride in an amusement park.' and hypothesis Children are riding above the ground., which among the choices ""entailment"", ""neutral"", ""contradiction"", is the correct answer? Explain your reasoning using conditional statements.
","10. The correct answer is **entailment**. This means that the hypothesis logically follows from the premise. A possible conditional statement is: If children ride a balloon ride in an amusement park, then children are riding above the ground."
Children ride a balloon ride in an amusement park.,Children painting a balloon in the air.,"Premise: Children ride a balloon ride in an amusement park., Hypothesis: Children painting a balloon in the air.. Given the premise 'Children ride a balloon ride in an amusement park.' and hypothesis Children painting a balloon in the air., which among the choices ""entailment"", ""neutral"", ""contradiction"", is the correct answer? Explain your reasoning using conditional statements.
","1. The correct answer is **contradiction**. A contradiction occurs when the hypothesis is logically incompatible with the premise. In this case, the hypothesis implies that the children are not riding the balloon ride, but painting a balloon in the air, which contradicts the premise. A possible conditional statement is: If the children are riding the balloon ride in an amusement park, then they are not painting a balloon in the air.

"
Children ride a balloon ride in an amusement park.,Kids are on amusement park rides,"Premise: Children ride a balloon ride in an amusement park., Hypothesis: Kids are on amusement park rides. Given the premise 'Children ride a balloon ride in an amusement park.' and hypothesis Kids are on amusement park rides, which among the choices ""entailment"", ""neutral"", ""contradiction"", is the correct answer? Explain your reasoning using conditional statements.
","2. The correct answer is **neutral**. A neutral relation occurs when the hypothesis is neither entailed nor contradicted by the premise, but is possible. In this case, the hypothesis is more general than the premise, and does not specify which amusement park rides the kids are on. It is possible that some or all of the kids are on the balloon ride, but it is not necessarily true or false. A possible conditional statement is: If the children are riding the balloon ride in an amusement park, then it is possible that the kids are on amusement park rides.

"
Children ride a balloon ride in an amusement park.,The children are enjoying their balloon ride.,"Premise: Children ride a balloon ride in an amusement park., Hypothesis: The children are enjoying their balloon ride.. Given the premise 'Children ride a balloon ride in an amusement park.' and hypothesis The children are enjoying their balloon ride., which among the choices ""entailment"", ""neutral"", ""contradiction"", is the correct answer? Explain your reasoning using conditional statements.
","3. The correct answer is **neutral**. A neutral relation occurs when the hypothesis is neither entailed nor contradicted by the premise, but is possible. In this case, the hypothesis adds an additional detail that is not given in the premise, namely the emotional state of the children. It is possible that the children are enjoying their balloon ride, but it is not necessarily true or false. A possible conditional statement is: If the children are riding the balloon ride in an amusement park, then it is possible that the children are enjoying their balloon ride.

"
Children ride a balloon ride in an amusement park.,Some kids are riding on a balloon ride at the amusement park.,"Premise: Children ride a balloon ride in an amusement park., Hypothesis: Some kids are riding on a balloon ride at the amusement park.. Given the premise 'Children ride a balloon ride in an amusement park.' and hypothesis Some kids are riding on a balloon ride at the amusement park., which among the choices ""entailment"", ""neutral"", ""contradiction"", is the correct answer? Explain your reasoning using conditional statements.
","4. The correct answer is **entailment**. An entailment occurs when the hypothesis is logically implied by the premise. In this case, the hypothesis is a subset of the premise, and does not contradict or add any new information. It is necessarily true that some kids are riding on a balloon ride at the amusement park, if the premise is true. A possible conditional statement is: If the children are riding the balloon ride in an amusement park, then some kids are riding on a balloon ride at the amusement park.

"
Children ride a balloon ride in an amusement park.,The children are riding the go-carts.,"Premise: Children ride a balloon ride in an amusement park., Hypothesis: The children are riding the go-carts.. Given the premise 'Children ride a balloon ride in an amusement park.' and hypothesis The children are riding the go-carts., which among the choices ""entailment"", ""neutral"", ""contradiction"", is the correct answer? Explain your reasoning using conditional statements.
","5. The correct answer is **contradiction**. A contradiction occurs when the hypothesis is logically incompatible with the premise. In this case, the hypothesis implies that the children are not riding the balloon ride, but the go-carts, which contradicts the premise. A possible conditional statement is: If the children are riding the balloon ride in an amusement park, then they are not riding the go-carts.

"
Children ride a balloon ride in an amusement park.,A group of brothers and sisters are riding on a balloon ride at the amusement park.,"Premise: Children ride a balloon ride in an amusement park., Hypothesis: A group of brothers and sisters are riding on a balloon ride at the amusement park.. Given the premise 'Children ride a balloon ride in an amusement park.' and hypothesis A group of brothers and sisters are riding on a balloon ride at the amusement park., which among the choices ""entailment"", ""neutral"", ""contradiction"", is the correct answer? Explain your reasoning using conditional statements.
","6. The correct answer is **neutral**. A neutral relation occurs when the hypothesis is neither entailed nor contradicted by the premise, but is possible. In this case, the hypothesis adds an additional detail that is not given in the premise, namely the familial relation of the children. It is possible that a group of brothers and sisters are riding on a balloon ride at the amusement park, but it is not necessarily true or false. A possible conditional statement is: If the children are riding the balloon ride in an amusement park, then it is possible that a group of brothers and sisters are riding on a balloon ride at the amusement park.

"
Children ride a balloon ride in an amusement park.,10 people in a ride,"Premise: Children ride a balloon ride in an amusement park., Hypothesis: 10 people in a ride. Given the premise 'Children ride a balloon ride in an amusement park.' and hypothesis 10 people in a ride, which among the choices ""entailment"", ""neutral"", ""contradiction"", is the correct answer? Explain your reasoning using conditional statements.
","7. The correct answer is **neutral**. A neutral relation occurs when the hypothesis is neither entailed nor contradicted by the premise, but is possible. In this case, the hypothesis adds an additional detail that is not given in the premise, namely the number of people in a ride. It is possible that 10 people are in a ride, but it is not necessarily true or false. A possible conditional statement is: If the children are riding the balloon ride in an amusement park, then it is possible that 10 people are in a ride.

"
Children ride a balloon ride in an amusement park.,Only one child is on a balloon ride at the amusement park.,"Premise: Children ride a balloon ride in an amusement park., Hypothesis: Only one child is on a balloon ride at the amusement park.. Given the premise 'Children ride a balloon ride in an amusement park.' and hypothesis Only one child is on a balloon ride at the amusement park., which among the choices ""entailment"", ""neutral"", ""contradiction"", is the correct answer? Explain your reasoning using conditional statements.
","8. The correct answer is **contradiction**. A contradiction occurs when the hypothesis is logically incompatible with the premise. In this case, the hypothesis implies that there is only one child on a balloon ride at the amusement park, which contradicts the premise that states that there are multiple children. A possible conditional statement is: If the children are riding the balloon ride in an amusement park, then there is not only one child on a balloon ride at the amusement park.

"
"This person, seated on a type of go-cart, is riding downhill.",A bicyclist is riding uphill.,"Premise: This person, seated on a type of go-cart, is riding downhill., Hypothesis: A bicyclist is riding uphill.. Given the premise 'This person, seated on a type of go-cart, is riding downhill.' and hypothesis A bicyclist is riding uphill., which among the choices ""entailment"", ""neutral"", ""contradiction"", is the correct answer? Explain your reasoning using conditional statements.
",
"This person, seated on a type of go-cart, is riding downhill.",A go-cart race is happening down the hill.,"Premise: This person, seated on a type of go-cart, is riding downhill., Hypothesis: A go-cart race is happening down the hill.. Given the premise 'This person, seated on a type of go-cart, is riding downhill.' and hypothesis A go-cart race is happening down the hill., which among the choices ""entailment"", ""neutral"", ""contradiction"", is the correct answer? Explain your reasoning using conditional statements.
","10 people are in a ride, but it is not necessarily true or false. A possible conditional statement is: If the children are riding the balloon ride in an amusement park, then it is possible that 10 people are in a ride.

8. The correct answer is **contradiction**. A contradiction occurs when the hypothesis is logically incompatible with the premise. In this case, the hypothesis implies that there is only one child on a balloon ride at the amusement park, which contradicts the premise that states that there are multiple children. A possible conditional statement is: If the children are riding the balloon ride in an amusement park, then there is not only one child on a balloon ride at the amusement park.

9. The correct answer is **contradiction**. A contradiction occurs when the hypothesis is logically incompatible with the premise. In this case, the hypothesis implies that the person is not seated on a type of go-cart, but a bicycle, and that the person is not riding downhill, but uphill, which contradicts the premise. A possible conditional statement is: If the person is seated on a type of go-cart and is riding downhill, then the person is not a bicyclist riding uphill.

10. The correct answer is **neutral**. A neutral relation occurs when the hypothesis is neither entailed nor contradicted by the premise, but is possible. In this case, the hypothesis adds an additional detail that is not given in the premise, namely the presence of other go-cart riders. It is possible that a go-cart race is happening down the hill, but it is not necessarily true or false. A possible conditional statement is: If the person is seated on a type of go-cart and is riding downhill, then it is possible that a go-cart race is happening down the hill."
"This person, seated on a type of go-cart, is riding downhill.",A go-cart picks up speed on the decline.,"Premise: This person, seated on a type of go-cart, is riding downhill., Hypothesis: A go-cart picks up speed on the decline.. Given the premise 'This person, seated on a type of go-cart, is riding downhill.' and hypothesis A go-cart picks up speed on the decline., which among the choices ""entailment"", ""neutral"", ""contradiction"", is the correct answer? Explain your reasoning using conditional statements.
","1. The correct answer is **entailment**. This means that the hypothesis is true if the premise is true. A possible conditional statement is: If a person is seated on a type of go-cart and is riding downhill, then a go-cart picks up speed on the decline.
"
a young person riding a small wagon down a hill.,A young person is outside.,"Premise: a young person riding a small wagon down a hill., Hypothesis: A young person is outside.. Given the premise 'a young person riding a small wagon down a hill.' and hypothesis A young person is outside., which among the choices ""entailment"", ""neutral"", ""contradiction"", is the correct answer? Explain your reasoning using conditional statements.
","2. The correct answer is **entailment**. This means that the hypothesis is true if the premise is true. A possible conditional statement is: If a young person is riding a small wagon down a hill, then a young person is outside.
"
a young person riding a small wagon down a hill.,A young person is riding a wagon pushed by their parents.,"Premise: a young person riding a small wagon down a hill., Hypothesis: A young person is riding a wagon pushed by their parents.. Given the premise 'a young person riding a small wagon down a hill.' and hypothesis A young person is riding a wagon pushed by their parents., which among the choices ""entailment"", ""neutral"", ""contradiction"", is the correct answer? Explain your reasoning using conditional statements.
","3. The correct answer is **contradiction**. This means that the hypothesis is false if the premise is true. A possible conditional statement is: If a young person is riding a small wagon down a hill, then a young person is not riding a wagon pushed by their parents.
"
a young person riding a small wagon down a hill.,A young person is on the swingset.,"Premise: a young person riding a small wagon down a hill., Hypothesis: A young person is on the swingset.. Given the premise 'a young person riding a small wagon down a hill.' and hypothesis A young person is on the swingset., which among the choices ""entailment"", ""neutral"", ""contradiction"", is the correct answer? Explain your reasoning using conditional statements.
","4. The correct answer is **contradiction**. This means that the hypothesis is false if the premise is true. A possible conditional statement is: If a young person is riding a small wagon down a hill, then a young person is not on the swingset.
"
A man is standing in front of a motor-scooter holding up a picture.,A mans stands in front of a scooter and holds up a some sceneries picture,"Premise: A man is standing in front of a motor-scooter holding up a picture., Hypothesis: A mans stands in front of a scooter and holds up a some sceneries picture. Given the premise 'A man is standing in front of a motor-scooter holding up a picture.' and hypothesis A mans stands in front of a scooter and holds up a some sceneries picture, which among the choices ""entailment"", ""neutral"", ""contradiction"", is the correct answer? Explain your reasoning using conditional statements.
","5. The correct answer is **neutral**. This means that the hypothesis is neither true nor false if the premise is true. A possible conditional statement is: If a man is standing in front of a motor-scooter holding up a picture, then a mans stands in front of a scooter and holds up a some sceneries picture or not.
"
A man is standing in front of a motor-scooter holding up a picture.,A man sitting at the back of scooter,"Premise: A man is standing in front of a motor-scooter holding up a picture., Hypothesis: A man sitting at the back of scooter. Given the premise 'A man is standing in front of a motor-scooter holding up a picture.' and hypothesis A man sitting at the back of scooter, which among the choices ""entailment"", ""neutral"", ""contradiction"", is the correct answer? Explain your reasoning using conditional statements.
","6. The correct answer is **contradiction**. This means that the hypothesis is false if the premise is true. A possible conditional statement is: If a man is standing in front of a motor-scooter holding up a picture, then a man is not sitting at the back of scooter.
"
A man is standing in front of a motor-scooter holding up a picture.,A mans stands in front of a scooter and holds up a picture,"Premise: A man is standing in front of a motor-scooter holding up a picture., Hypothesis: A mans stands in front of a scooter and holds up a picture. Given the premise 'A man is standing in front of a motor-scooter holding up a picture.' and hypothesis A mans stands in front of a scooter and holds up a picture, which among the choices ""entailment"", ""neutral"", ""contradiction"", is the correct answer? Explain your reasoning using conditional statements.
","7. The correct answer is **entailment**. This means that the hypothesis is true if the premise is true. A possible conditional statement is: If a man is standing in front of a motor-scooter holding up a picture, then a mans stands in front of a scooter and holds up a picture.
"
a boy is riding a buggy down a woodland path.,A boy is on his way to see his grandmother.,"Premise: a boy is riding a buggy down a woodland path., Hypothesis: A boy is on his way to see his grandmother.. Given the premise 'a boy is riding a buggy down a woodland path.' and hypothesis A boy is on his way to see his grandmother., which among the choices ""entailment"", ""neutral"", ""contradiction"", is the correct answer? Explain your reasoning using conditional statements.
","8. The correct answer is **neutral**. This means that the hypothesis is neither true nor false if the premise is true. A possible conditional statement is: If a boy is riding a buggy down a woodland path, then a boy is on his way to see his grandmother or not.
"
a boy is riding a buggy down a woodland path.,The boy is playing in the snow.,"Premise: a boy is riding a buggy down a woodland path., Hypothesis: The boy is playing in the snow.. Given the premise 'a boy is riding a buggy down a woodland path.' and hypothesis The boy is playing in the snow., which among the choices ""entailment"", ""neutral"", ""contradiction"", is the correct answer? Explain your reasoning using conditional statements.
","9. The correct answer is **contradiction**. This means that the hypothesis is false if the premise is true. A possible conditional statement is: If a boy is riding a buggy down a woodland path, then the boy is not playing in the snow.
"
a boy is riding a buggy down a woodland path.,The boy is on a path in the woods.,"Premise: a boy is riding a buggy down a woodland path., Hypothesis: The boy is on a path in the woods.. Given the premise 'a boy is riding a buggy down a woodland path.' and hypothesis The boy is on a path in the woods., which among the choices ""entailment"", ""neutral"", ""contradiction"", is the correct answer? Explain your reasoning using conditional statements.
","10. The correct answer is **entailment**. This means that the hypothesis is true if the premise is true. A possible conditional statement is: If a boy is riding a buggy down a woodland path, then the boy is on a path in the woods.

I hope this helps you understand the concept of entailment, neutral, and contradiction. If you have any more questions, feel free to ask me. 😊"
Many people have arms lifted in a crowd.,People stand with arms raised in the crowd.,"Premise: Many people have arms lifted in a crowd., Hypothesis: People stand with arms raised in the crowd.. Given the premise 'Many people have arms lifted in a crowd.' and hypothesis People stand with arms raised in the crowd., which among the choices ""entailment"", ""neutral"", ""contradiction"", is the correct answer? Explain your reasoning using conditional statements.
","1. The correct answer is **entailment**. This means that the hypothesis is true if the premise is true. We can use the following conditional statement to explain the reasoning: If many people have arms lifted in a crowd, then people stand with arms raised in the crowd.

"
Many people have arms lifted in a crowd.,Many people were really enjoying the concert and raise their arms in support.,"Premise: Many people have arms lifted in a crowd., Hypothesis: Many people were really enjoying the concert and raise their arms in support.. Given the premise 'Many people have arms lifted in a crowd.' and hypothesis Many people were really enjoying the concert and raise their arms in support., which among the choices ""entailment"", ""neutral"", ""contradiction"", is the correct answer? Explain your reasoning using conditional statements.
","2. The correct answer is **neutral**. This means that the hypothesis is neither true nor false based on the premise. We can use the following conditional statement to explain the reasoning: If many people have arms lifted in a crowd, then it is possible that many people were really enjoying the concert and raise their arms in support, but it is not necessarily the case.

"
Many people have arms lifted in a crowd.,Many people crossed their arms in the scarce crowd.,"Premise: Many people have arms lifted in a crowd., Hypothesis: Many people crossed their arms in the scarce crowd.. Given the premise 'Many people have arms lifted in a crowd.' and hypothesis Many people crossed their arms in the scarce crowd., which among the choices ""entailment"", ""neutral"", ""contradiction"", is the correct answer? Explain your reasoning using conditional statements.
","3. The correct answer is **contradiction**. This means that the hypothesis is false if the premise is true. We can use the following conditional statement to explain the reasoning: If many people have arms lifted in a crowd, then it is not true that many people crossed their arms in the scarce crowd.

"
Girls are playing basketball.,There are girls performing a physical activity.,"Premise: Girls are playing basketball., Hypothesis: There are girls performing a physical activity.. Given the premise 'Girls are playing basketball.' and hypothesis There are girls performing a physical activity., which among the choices ""entailment"", ""neutral"", ""contradiction"", is the correct answer? Explain your reasoning using conditional statements.
","4. The correct answer is **entailment**. This means that the hypothesis is true if the premise is true. We can use the following conditional statement to explain the reasoning: If girls are playing basketball, then there are girls performing a physical activity.

"
Girls are playing basketball.,Some girls are playing for the championship.,"Premise: Girls are playing basketball., Hypothesis: Some girls are playing for the championship.. Given the premise 'Girls are playing basketball.' and hypothesis Some girls are playing for the championship., which among the choices ""entailment"", ""neutral"", ""contradiction"", is the correct answer? Explain your reasoning using conditional statements.
","5. The correct answer is **neutral**. This means that the hypothesis is neither true nor false based on the premise. We can use the following conditional statement to explain the reasoning: If girls are playing basketball, then it is possible that some girls are playing for the championship, but it is not necessarily the case.

"
Girls are playing basketball.,The girls are sitting on a couch.,"Premise: Girls are playing basketball., Hypothesis: The girls are sitting on a couch.. Given the premise 'Girls are playing basketball.' and hypothesis The girls are sitting on a couch., which among the choices ""entailment"", ""neutral"", ""contradiction"", is the correct answer? Explain your reasoning using conditional statements.
","6. The correct answer is **contradiction**. This means that the hypothesis is false if the premise is true. We can use the following conditional statement to explain the reasoning: If girls are playing basketball, then it is not true that the girls are sitting on a couch.

"
A canoe of children is floating in the water with one boy rowing.,a canoe is floating,"Premise: A canoe of children is floating in the water with one boy rowing., Hypothesis: a canoe is floating. Given the premise 'A canoe of children is floating in the water with one boy rowing.' and hypothesis a canoe is floating, which among the choices ""entailment"", ""neutral"", ""contradiction"", is the correct answer? Explain your reasoning using conditional statements.
","7. The correct answer is **entailment**. This means that the hypothesis is true if the premise is true. We can use the following conditional statement to explain the reasoning: If a canoe of children is floating in the water with one boy rowing, then a canoe is floating.

"
A canoe of children is floating in the water with one boy rowing.,the canoe is brown,"Premise: A canoe of children is floating in the water with one boy rowing., Hypothesis: the canoe is brown. Given the premise 'A canoe of children is floating in the water with one boy rowing.' and hypothesis the canoe is brown, which among the choices ""entailment"", ""neutral"", ""contradiction"", is the correct answer? Explain your reasoning using conditional statements.
","8. The correct answer is **neutral**. This means that the hypothesis is neither true nor false based on the premise. We can use the following conditional statement to explain the reasoning: If a canoe of children is floating in the water with one boy rowing, then it is possible that the canoe is brown, but it is not necessarily the case.

"
A canoe of children is floating in the water with one boy rowing.,the canoe is sunken,"Premise: A canoe of children is floating in the water with one boy rowing., Hypothesis: the canoe is sunken. Given the premise 'A canoe of children is floating in the water with one boy rowing.' and hypothesis the canoe is sunken, which among the choices ""entailment"", ""neutral"", ""contradiction"", is the correct answer? Explain your reasoning using conditional statements.
","9. The correct answer is **contradiction**. This means that the hypothesis is false if the premise is true. We can use the following conditional statement to explain the reasoning: If a canoe of children is floating in the water with one boy rowing, then it is not true that the canoe is sunken.

"
A girl in a red dress is surrounded by a lot of other people holding their hands up.,A girl is sitting in a chair with people around her.,"Premise: A girl in a red dress is surrounded by a lot of other people holding their hands up., Hypothesis: A girl is sitting in a chair with people around her.. Given the premise 'A girl in a red dress is surrounded by a lot of other people holding their hands up.' and hypothesis A girl is sitting in a chair with people around her., which among the choices ""entailment"", ""neutral"", ""contradiction"", is the correct answer? Explain your reasoning using conditional statements.
","10. The correct answer is **contradiction**. This means that the hypothesis is false if the premise is true. We can use the following conditional statement to explain the reasoning: If a girl in a red dress is surrounded by a lot of other people holding their hands up, then it is not true that a girl is sitting in a chair with people around her."
A girl in a red dress is surrounded by a lot of other people holding their hands up.,A girl is surrounded by people.,"Premise: A girl in a red dress is surrounded by a lot of other people holding their hands up., Hypothesis: A girl is surrounded by people.. Given the premise 'A girl in a red dress is surrounded by a lot of other people holding their hands up.' and hypothesis A girl is surrounded by people., which among the choices ""entailment"", ""neutral"", ""contradiction"", is the correct answer? Explain your reasoning using conditional statements.
","1. The correct answer is **entailment**. This means that the hypothesis is true if the premise is true. A conditional statement for this is: If a girl in a red dress is surrounded by a lot of other people holding their hands up, then a girl is surrounded by people.

"
A girl in a red dress is surrounded by a lot of other people holding their hands up.,People are at a casino playing slots.,"Premise: A girl in a red dress is surrounded by a lot of other people holding their hands up., Hypothesis: People are at a casino playing slots.. Given the premise 'A girl in a red dress is surrounded by a lot of other people holding their hands up.' and hypothesis People are at a casino playing slots., which among the choices ""entailment"", ""neutral"", ""contradiction"", is the correct answer? Explain your reasoning using conditional statements.
","2. The correct answer is **neutral**. This means that the hypothesis is neither true nor false based on the premise. A conditional statement for this is: If a girl in a red dress is surrounded by a lot of other people holding their hands up, then it is possible but not certain that people are at a casino playing slots.

"
A crowd of people is facing the same direction while some hold their hands in the air.,The crowd is at a concert.,"Premise: A crowd of people is facing the same direction while some hold their hands in the air., Hypothesis: The crowd is at a concert.. Given the premise 'A crowd of people is facing the same direction while some hold their hands in the air.' and hypothesis The crowd is at a concert., which among the choices ""entailment"", ""neutral"", ""contradiction"", is the correct answer? Explain your reasoning using conditional statements.
","3. The correct answer is **neutral**. This means that the hypothesis is neither true nor false based on the premise. A conditional statement for this is: If a crowd of people is facing the same direction while some hold their hands in the air, then it is possible but not certain that the crowd is at a concert.

"
A crowd of people is facing the same direction while some hold their hands in the air.,The crowd is looking at the same thing.,"Premise: A crowd of people is facing the same direction while some hold their hands in the air., Hypothesis: The crowd is looking at the same thing.. Given the premise 'A crowd of people is facing the same direction while some hold their hands in the air.' and hypothesis The crowd is looking at the same thing., which among the choices ""entailment"", ""neutral"", ""contradiction"", is the correct answer? Explain your reasoning using conditional statements.
","4. The correct answer is **entailment**. This means that the hypothesis is true if the premise is true. A conditional statement for this is: If a crowd of people is facing the same direction while some hold their hands in the air, then the crowd is looking at the same thing.

"
A crowd of people is facing the same direction while some hold their hands in the air.,There is a brawl happening.,"Premise: A crowd of people is facing the same direction while some hold their hands in the air., Hypothesis: There is a brawl happening.. Given the premise 'A crowd of people is facing the same direction while some hold their hands in the air.' and hypothesis There is a brawl happening., which among the choices ""entailment"", ""neutral"", ""contradiction"", is the correct answer? Explain your reasoning using conditional statements.
","5. The correct answer is **contradiction**. This means that the hypothesis is false if the premise is true. A conditional statement for this is: If a crowd of people is facing the same direction while some hold their hands in the air, then there is not a brawl happening.

"
"Several people in a crowd, some with their arms raised.",there are people gathered,"Premise: Several people in a crowd, some with their arms raised., Hypothesis: there are people gathered. Given the premise 'Several people in a crowd, some with their arms raised.' and hypothesis there are people gathered, which among the choices ""entailment"", ""neutral"", ""contradiction"", is the correct answer? Explain your reasoning using conditional statements.
","6. The correct answer is **entailment**. This means that the hypothesis is true if the premise is true. A conditional statement for this is: If several people are in a crowd, some with their arms raised, then there are people gathered.

"
"Several people in a crowd, some with their arms raised.",there is nobody there,"Premise: Several people in a crowd, some with their arms raised., Hypothesis: there is nobody there. Given the premise 'Several people in a crowd, some with their arms raised.' and hypothesis there is nobody there, which among the choices ""entailment"", ""neutral"", ""contradiction"", is the correct answer? Explain your reasoning using conditional statements.
","7. The correct answer is **contradiction**. This means that the hypothesis is false if the premise is true. A conditional statement for this is: If several people are in a crowd, some with their arms raised, then there is not nobody there.

"
"Several people in a crowd, some with their arms raised.",there are people praying,"Premise: Several people in a crowd, some with their arms raised., Hypothesis: there are people praying. Given the premise 'Several people in a crowd, some with their arms raised.' and hypothesis there are people praying, which among the choices ""entailment"", ""neutral"", ""contradiction"", is the correct answer? Explain your reasoning using conditional statements.
","8. The correct answer is **neutral**. This means that the hypothesis is neither true nor false based on the premise. A conditional statement for this is: If several people are in a crowd, some with their arms raised, then it is possible but not certain that there are people praying.

"
The girl in the red dress is raising her hand amidst a group of people.,A dog is eating kibble in the kitchen,"Premise: The girl in the red dress is raising her hand amidst a group of people., Hypothesis: A dog is eating kibble in the kitchen. Given the premise 'The girl in the red dress is raising her hand amidst a group of people.' and hypothesis A dog is eating kibble in the kitchen, which among the choices ""entailment"", ""neutral"", ""contradiction"", is the correct answer? Explain your reasoning using conditional statements.
","9. The correct answer is **neutral**. This means that the hypothesis is neither true nor false based on the premise. A conditional statement for this is: If the girl in the red dress is raising her hand amidst a group of people, then it is irrelevant whether a dog is eating kibble in the kitchen.

"
The girl in the red dress is raising her hand amidst a group of people.,A young girl in a red dress is in a crowd of people,"Premise: The girl in the red dress is raising her hand amidst a group of people., Hypothesis: A young girl in a red dress is in a crowd of people. Given the premise 'The girl in the red dress is raising her hand amidst a group of people.' and hypothesis A young girl in a red dress is in a crowd of people, which among the choices ""entailment"", ""neutral"", ""contradiction"", is the correct answer? Explain your reasoning using conditional statements.
","10. The correct answer is **entailment**. This means that the hypothesis is true if the premise is true. A conditional statement for this is: If the girl in the red dress is raising her hand amidst a group of people, then a young girl in a red dress is in a crowd of people."
